문항ID,시험ID,원본파일 Drive ID,원본파일명,원본페이지,원문항번호,학교/시험명,학교명,출처대분류,주관기관,시행연도,학년도,시행월,학년,교육과정,과목,선택과목,대단원,중단원,소단원,세부유형ID,세부유형명,개념태그,결합유형,난이도,난이도근거,배점,문항형식,정답,정답유형,그림/그래프,계산량,조건해석,추론강도,함정포인트,유사문항그룹ID,중복대표여부,원문사용가능,변형가능,변형주의,해설파일 Drive ID,해설페이지,해설연결상태,문항이미지/좌표,텍스트추출상태,원문시각확인,검산상태,검산근거,최근사용일,사용횟수,학교/프로젝트사용이력,DB신뢰도,메모,분석큐ID,원본SHA256,정답률,정답률출처,필드확인필요,분석일,검토상태,정답표 Drive ID,정답표페이지,원본URL,원문요약,상위원문항번호,소문항번호,확정정답,원문조건충돌,분석스트림,소문항수,production_ready,원답지정답,schema_version
D_9c69f32893f7_P4FA00970_B_Q001,P4F_9c69f32893f7_A00970_B,1sJI1A392GBfFpySkT2xq6YTPUVw8eVww,미래엔_대수_수준별문제_3-1-03_등비수열.hwp,HWP,기본-1,미래엔 대수 수준별 문제 3-1-03 등비수열,해당없음,출판사 평가자료(HWP),미래엔,미확보,미확보,해당없음,고2,2022 개정,대수,해당없음,Ⅲ. 수열,1. 등차수열과 등비수열,등비수열,SEQ.GP.FILL_BLANK,등비수열 빈칸,등비수열,단일개념,하,계산낮음·조건낮음·추론낮음,미표기,서답형(단답),"⑴ 2√2, 4√2 ⑵ −1/2 ⑶ 0.001 ⑷ −27, 1",값,없음,낮음,낮음,낮음,,SEQ.GP.FILL_BLANK,1행,내부참고,가능,재검산,1sJI1A392GBfFpySkT2xq6YTPUVw8eVww,HWP 말미,HWP 말미 정답 및 해설,,HWP5 텍스트+수식,수식 텍스트,검산완료(원답=독립풀이),"공비 √2, −1/2, 0.1, −1/3",,0,,높음,B114,A00970,9c69f32893f7edbfcec2db971e80bfd176bb43f90d116c79a081877ac6487862,,미확보,,2026-10-04,완료,1sJI1A392GBfFpySkT2xq6YTPUVw8eVww,HWP 말미 정답 및 해설,https://drive.google.com/file/d/1sJI1A392GBfFpySkT2xq6YTPUVw8eVww/view,"√2,2,□,4,□ / 1,□,1/4,−1/8 / 0.1,0.01,□ / 81,□,9,−3,□",1,,"⑴ 2√2, 4√2 ⑵ −1/2 ⑶ 0.001 ⑷ −27, 1",,P4_FORWARD_NEW_BUILD,4,YES,"⑴ 2√2, 4√2 ⑵ −1/2 ⑶ 0.001 ⑷ −27, 1",1.2
D_9c69f32893f7_P4FA00970_B_Q002,P4F_9c69f32893f7_A00970_B,1sJI1A392GBfFpySkT2xq6YTPUVw8eVww,미래엔_대수_수준별문제_3-1-03_등비수열.hwp,HWP,기본-2,미래엔 대수 수준별 문제 3-1-03 등비수열,해당없음,출판사 평가자료(HWP),미래엔,미확보,미확보,해당없음,고2,2022 개정,대수,해당없음,Ⅲ. 수열,1. 등차수열과 등비수열,등비수열,SEQ.GP.GENERAL_TERM,등비수열 일반항,등비수열;일반항,단일개념,하,계산낮음·조건낮음·추론낮음,미표기,서답형(단답),⑴ 3(1/2)^(n−1) ⑵ (1/2)·5^(n−1) ⑶ 6(2/3)^(n−1) ⑷ (−√3)^(n−1),식,없음,낮음,낮음,낮음,,SEQ.GP.GENERAL_TERM,1행,내부참고,가능,재검산,1sJI1A392GBfFpySkT2xq6YTPUVw8eVww,HWP 말미,HWP 말미 정답 및 해설,,HWP5 텍스트+수식,수식 텍스트,검산완료(원답=독립풀이),ar^(n−1),,0,,높음,B114,A00970,9c69f32893f7edbfcec2db971e80bfd176bb43f90d116c79a081877ac6487862,,미확보,,2026-10-04,완료,1sJI1A392GBfFpySkT2xq6YTPUVw8eVww,HWP 말미 정답 및 해설,https://drive.google.com/file/d/1sJI1A392GBfFpySkT2xq6YTPUVw8eVww/view,"a=3,r=1/2 / a=1/2,r=5 / 6,4,8/3,… / 1,−√3,3,…",2,,⑴ 3(1/2)^(n−1) ⑵ (1/2)·5^(n−1) ⑶ 6(2/3)^(n−1) ⑷ (−√3)^(n−1),,P4_FORWARD_NEW_BUILD,4,YES,⑴ 3(1/2)^(n−1) ⑵ (1/2)·5^(n−1) ⑶ 6(2/3)^(n−1) ⑷ (−√3)^(n−1),1.2
D_9c69f32893f7_P4FA00970_B_Q003,P4F_9c69f32893f7_A00970_B,1sJI1A392GBfFpySkT2xq6YTPUVw8eVww,미래엔_대수_수준별문제_3-1-03_등비수열.hwp,HWP,기본-3,미래엔 대수 수준별 문제 3-1-03 등비수열,해당없음,출판사 평가자료(HWP),미래엔,미확보,미확보,해당없음,고2,2022 개정,대수,해당없음,Ⅲ. 수열,1. 등차수열과 등비수열,등비수열,SEQ.GP.READ_A_R,일반항에서 첫째항·공비,등비수열,단일개념,하,계산낮음·조건보통·추론낮음,미표기,서답형(단답),"⑴ a₁=54, r=9 ⑵ a₁=2, r=1/4",값,없음,낮음,보통,낮음,,SEQ.GP.READ_A_R,1행,내부참고,가능,재검산,1sJI1A392GBfFpySkT2xq6YTPUVw8eVww,HWP 말미,HWP 말미 정답 및 해설,,HWP5 텍스트+수식,수식 텍스트,검산완료(원답=독립풀이),"2·3³, 3²; 4·2⁻¹, 2⁻²",,0,,높음,B114,A00970,9c69f32893f7edbfcec2db971e80bfd176bb43f90d116c79a081877ac6487862,,미확보,,2026-10-04,완료,1sJI1A392GBfFpySkT2xq6YTPUVw8eVww,HWP 말미 정답 및 해설,https://drive.google.com/file/d/1sJI1A392GBfFpySkT2xq6YTPUVw8eVww/view,"aₙ=2×3^(2n+1), aₙ=4×2^(1−2n)",3,,"⑴ a₁=54, r=9 ⑵ a₁=2, r=1/4",,P4_FORWARD_NEW_BUILD,2,YES,"⑴ a₁=54, r=9 ⑵ a₁=2, r=1/4",1.2
D_9c69f32893f7_P4FA00970_B_Q004,P4F_9c69f32893f7_A00970_B,1sJI1A392GBfFpySkT2xq6YTPUVw8eVww,미래엔_대수_수준별문제_3-1-03_등비수열.hwp,HWP,기본-4,미래엔 대수 수준별 문제 3-1-03 등비수열,해당없음,출판사 평가자료(HWP),미래엔,미확보,미확보,해당없음,고2,2022 개정,대수,해당없음,Ⅲ. 수열,1. 등차수열과 등비수열,등비수열,SEQ.GP.SUM,등비수열의 합,등비수열의 합,단일개념,하,계산낮음·조건낮음·추론낮음,미표기,서답형(단답),⑴ 4(2ⁿ−1) ⑵ 27{1−(2/3)ⁿ} ⑶ (−2)ⁿ−1,식,없음,낮음,낮음,낮음,,SEQ.GP.SUM,1행,내부참고,가능,재검산,1sJI1A392GBfFpySkT2xq6YTPUVw8eVww,HWP 말미,HWP 말미 정답 및 해설,,HWP5 텍스트+수식,수식 텍스트,검산완료(원답=독립풀이),a(rⁿ−1)/(r−1),,0,,높음,B114,A00970,9c69f32893f7edbfcec2db971e80bfd176bb43f90d116c79a081877ac6487862,,미확보,,2026-10-04,완료,1sJI1A392GBfFpySkT2xq6YTPUVw8eVww,HWP 말미 정답 및 해설,https://drive.google.com/file/d/1sJI1A392GBfFpySkT2xq6YTPUVw8eVww/view,"2²,2³,… / 9,9(2/3),… / −3,6,−12,…의 첫째항부터 제n항까지 합",4,,⑴ 4(2ⁿ−1) ⑵ 27{1−(2/3)ⁿ} ⑶ (−2)ⁿ−1,,P4_FORWARD_NEW_BUILD,3,YES,⑴ 4(2ⁿ−1) ⑵ 27{1−(2/3)ⁿ} ⑶ (−2)ⁿ−1,1.2
D_9c69f32893f7_P4FA00970_S_Q001,P4F_9c69f32893f7_A00970_S,1sJI1A392GBfFpySkT2xq6YTPUVw8eVww,미래엔_대수_수준별문제_3-1-03_등비수열.hwp,HWP,표준-1,미래엔 대수 수준별 문제 3-1-03 등비수열,해당없음,출판사 평가자료(HWP),미래엔,미확보,미확보,해당없음,고2,2022 개정,대수,해당없음,Ⅲ. 수열,1. 등차수열과 등비수열,등비수열,SEQ.GP.BLOCK_RATIO,세 항씩 합의 비,등비수열,단일개념,하,계산낮음·조건보통·추론낮음,미표기,서답형(단답),6,값,없음,낮음,보통,낮음,,SEQ.GP.BLOCK_RATIO,1행,내부참고,가능,재검산,1sJI1A392GBfFpySkT2xq6YTPUVw8eVww,HWP 말미,HWP 말미 정답 및 해설,,HWP5 텍스트+수식,수식 텍스트,검산완료(원답=독립풀이),r³=18/3,,0,,높음,B114,A00970,9c69f32893f7edbfcec2db971e80bfd176bb43f90d116c79a081877ac6487862,,미확보,,2026-10-04,완료,1sJI1A392GBfFpySkT2xq6YTPUVw8eVww,HWP 말미 정답 및 해설,https://drive.google.com/file/d/1sJI1A392GBfFpySkT2xq6YTPUVw8eVww/view,"a₁+a₂+a₃=3, a₄+a₅+a₆=18일 때 a₈/a₅",1,,6,,P4_FORWARD_NEW_BUILD,1,YES,6,1.2
D_9c69f32893f7_P4FA00970_S_Q002,P4F_9c69f32893f7_A00970_S,1sJI1A392GBfFpySkT2xq6YTPUVw8eVww,미래엔_대수_수준별문제_3-1-03_등비수열.hwp,HWP,표준-2,미래엔 대수 수준별 문제 3-1-03 등비수열,해당없음,출판사 평가자료(HWP),미래엔,미확보,미확보,해당없음,고2,2022 개정,대수,해당없음,Ⅲ. 수열,1. 등차수열과 등비수열,등비수열,SEQ.GP.FIRST_BELOW,처음으로 기준보다 작은 항,등비수열;부등식,단일개념,중,계산보통·조건보통·추론보통,미표기,서답형(단답),제12항,값,없음,보통,보통,보통,,SEQ.GP.FIRST_BELOW,1행,내부참고,가능,재검산,1sJI1A392GBfFpySkT2xq6YTPUVw8eVww,HWP 말미,HWP 말미 정답 및 해설,,HWP5 텍스트+수식,수식 텍스트,검산완료(원답=독립풀이),"a=16, r=1/2, 2^(n−1)>1280 → n−1≥11",,0,,높음,"B114; 해설 'n−1>11, n>12' 부등식 표기 오류(정확히는 n−1≥11, n≥12); 정답 12 일치",A00970,9c69f32893f7edbfcec2db971e80bfd176bb43f90d116c79a081877ac6487862,,미확보,,2026-10-04,완료,1sJI1A392GBfFpySkT2xq6YTPUVw8eVww,HWP 말미 정답 및 해설,https://drive.google.com/file/d/1sJI1A392GBfFpySkT2xq6YTPUVw8eVww/view,"a₂=8, a₆=1/2, 처음으로 1/80보다 작은 항",2,,제12항,,P4_FORWARD_NEW_BUILD,1,YES,제12항,1.2
D_9c69f32893f7_P4FA00970_S_Q003,P4F_9c69f32893f7_A00970_S,1sJI1A392GBfFpySkT2xq6YTPUVw8eVww,미래엔_대수_수준별문제_3-1-03_등비수열.hwp,HWP,표준-3,미래엔 대수 수준별 문제 3-1-03 등비수열,해당없음,출판사 평가자료(HWP),미래엔,미확보,미확보,해당없음,고2,2022 개정,대수,해당없음,Ⅲ. 수열,1. 등차수열과 등비수열,등비수열,SEQ.GP.MIXED_MEANS,등차·등비중항 연립,등차중항;등비중항,단일개념,중,계산보통·조건보통·추론보통,미표기,객관식(5지선다),⑤ 3−2√5,선택지,없음,보통,보통,보통,,SEQ.GP.MIXED_MEANS,1행,내부참고,가능,재검산,1sJI1A392GBfFpySkT2xq6YTPUVw8eVww,HWP 말미,HWP 말미 정답 및 해설,,HWP5 텍스트+수식,수식 텍스트,검산완료(원답=독립풀이),"a+b=3, (a+3)b=4 → a=√5, b=3−√5",,0,,높음,B114,A00970,9c69f32893f7edbfcec2db971e80bfd176bb43f90d116c79a081877ac6487862,,미확보,,2026-10-04,완료,1sJI1A392GBfFpySkT2xq6YTPUVw8eVww,HWP 말미 정답 및 해설,https://drive.google.com/file/d/1sJI1A392GBfFpySkT2xq6YTPUVw8eVww/view,"a+3,3,b 등차, 2/b,1,2/(a+3) 등비, b−a",3,,⑤ 3−2√5,,P4_FORWARD_NEW_BUILD,1,YES,⑤ 3−2√5,1.2
D_9c69f32893f7_P4FA00970_S_Q004,P4F_9c69f32893f7_A00970_S,1sJI1A392GBfFpySkT2xq6YTPUVw8eVww,미래엔_대수_수준별문제_3-1-03_등비수열.hwp,HWP,표준-4,미래엔 대수 수준별 문제 3-1-03 등비수열,해당없음,출판사 평가자료(HWP),미래엔,미확보,미확보,해당없음,고2,2022 개정,대수,해당없음,Ⅲ. 수열,1. 등차수열과 등비수열,등비수열,SEQ.GP.SUM_RATIO,부분합 비로 공비,등비수열의 합,단일개념,중,계산보통·조건보통·추론보통,미표기,서답형(단답),√2,값,없음,보통,보통,보통,,SEQ.GP.SUM_RATIO,1행,내부참고,가능,재검산,1sJI1A392GBfFpySkT2xq6YTPUVw8eVww,HWP 말미,HWP 말미 정답 및 해설,,HWP5 텍스트+수식,수식 텍스트,검산완료(원답=독립풀이),S₂₀/S₁₀=r¹⁰+1=33,,0,,높음,B114,A00970,9c69f32893f7edbfcec2db971e80bfd176bb43f90d116c79a081877ac6487862,,미확보,,2026-10-04,완료,1sJI1A392GBfFpySkT2xq6YTPUVw8eVww,HWP 말미 정답 및 해설,https://drive.google.com/file/d/1sJI1A392GBfFpySkT2xq6YTPUVw8eVww/view,"S₁₀=2, S₂₀−S₁₀=64, r>0",4,,√2,,P4_FORWARD_NEW_BUILD,1,YES,√2,1.2
D_9c69f32893f7_P4FA00970_A_Q001,P4F_9c69f32893f7_A00970_A,1sJI1A392GBfFpySkT2xq6YTPUVw8eVww,미래엔_대수_수준별문제_3-1-03_등비수열.hwp,HWP,발전-1,미래엔 대수 수준별 문제 3-1-03 등비수열,해당없음,출판사 평가자료(HWP),미래엔,미확보,미확보,해당없음,고2,2022 개정,대수,해당없음,Ⅲ. 수열,1. 등차수열과 등비수열,등비수열,SEQ.GP.ALTERNATING_PRODUCT,홀수항 합·교대합의 곱,등비수열의 합,단일개념,상,계산보통·조건높음·추론보통,미표기,객관식(5지선다),② 496,선택지,없음,보통,높음,보통,,SEQ.GP.ALTERNATING_PRODUCT,1행,내부참고,가능,재검산,1sJI1A392GBfFpySkT2xq6YTPUVw8eVww,HWP 말미,HWP 말미 정답 및 해설,,HWP5 텍스트+수식,수식 텍스트,검산완료(원답=독립풀이),"a=r⁸, a+a²=20 → a=4, r⁴=2; a²(1−r²⁰)/(1−r⁴)=16·31",,0,,높음,B114,A00970,9c69f32893f7edbfcec2db971e80bfd176bb43f90d116c79a081877ac6487862,,미확보,,2026-10-04,완료,1sJI1A392GBfFpySkT2xq6YTPUVw8eVww,HWP 말미 정답 및 해설,https://drive.google.com/file/d/1sJI1A392GBfFpySkT2xq6YTPUVw8eVww/view,"a₁a₂=a₁₀, a₁+a₉=20일 때 (a₁+a₃+…+a₉)(a₁−a₃+…+a₉)",1,,② 496,,P4_FORWARD_NEW_BUILD,1,YES,② 496,1.2
D_9c69f32893f7_P4FA00970_A_Q002,P4F_9c69f32893f7_A00970_A,1sJI1A392GBfFpySkT2xq6YTPUVw8eVww,미래엔_대수_수준별문제_3-1-03_등비수열.hwp,HWP,발전-2,미래엔 대수 수준별 문제 3-1-03 등비수열,해당없음,출판사 평가자료(HWP),미래엔,미확보,미확보,해당없음,고2,2022 개정,대수,해당없음,Ⅲ. 수열,1. 등차수열과 등비수열,등비수열,SEQ.GP.APP_FRACTAL,시행 반복 넓이(프랙털),등비수열 활용,단일개념,중,계산보통·조건보통·추론보통,미표기,서답형(단답),51,값,있음(정사각형 9등분 그림),보통,보통,보통,,SEQ.GP.APP_FRACTAL,1행,내부참고,가능,재검산,1sJI1A392GBfFpySkT2xq6YTPUVw8eVww,HWP 말미,HWP 말미 정답 및 해설,,HWP5 텍스트+수식,그림은 HWP 도형 개체(벡터); 문제 텍스트에 조건 완비,검산완료(원답=독립풀이),81·(8/9)¹¹=2³³/3¹⁸,,0,,높음,B114,A00970,9c69f32893f7edbfcec2db971e80bfd176bb43f90d116c79a081877ac6487862,,미확보,,2026-10-04,완료,1sJI1A392GBfFpySkT2xq6YTPUVw8eVww,HWP 말미 정답 및 해설,https://drive.google.com/file/d/1sJI1A392GBfFpySkT2xq6YTPUVw8eVww/view,"한 변 9 정사각형 9등분 가운데 제거 11회, 2^q/3^p, p+q",2,,51,,P4_FORWARD_NEW_BUILD,1,YES,51,1.2
D_f2403d813792_P4FA00971_B_Q001,P4F_f2403d813792_A00971_B,1MJ7H-ejCGc5YVr8G5bEpwfi1WfYRfXu4,미래엔_대수_수준별문제_3-2-01_합의기호.hwp,HWP,기본-1,미래엔 대수 수준별 문제 3-2-01 합의 기호,해당없음,출판사 평가자료(HWP),미래엔,미확보,미확보,해당없음,고2,2022 개정,대수,해당없음,Ⅲ. 수열,2. 수열의 합,합의 기호,SEQ.SIGMA.WRITE,Σ로 나타내기,합의 기호,단일개념,하,계산낮음·조건낮음·추론낮음,미표기,서답형(단답),⑴ Σ_{k=1}^{5}4 ⑵ Σ_{k=1}^{5}2ᵏ ⑶ Σ_{k=1}^{20}(3k−1) ⑷ Σ_{k=1}^{50}(2k−1),식,없음,낮음,낮음,낮음,,SEQ.SIGMA.WRITE,1행,내부참고,가능,재검산,1MJ7H-ejCGc5YVr8G5bEpwfi1WfYRfXu4,HWP 말미,HWP 말미 정답 및 해설,,HWP5 텍스트+수식,수식 텍스트,검산완료(원답=독립풀이),"59=3·20−1, 99=2·50−1",,0,,높음,B114,A00971,f2403d8137928f92878ed1f5a0720cf69ad15ce7c7696ec769927e26ed4a709b,,미확보,,2026-10-04,완료,1MJ7H-ejCGc5YVr8G5bEpwfi1WfYRfXu4,HWP 말미 정답 및 해설,https://drive.google.com/file/d/1MJ7H-ejCGc5YVr8G5bEpwfi1WfYRfXu4/view,"4+…+4, 2+4+…+32, 2+5+…+59, 1+3+…+99",1,,⑴ Σ_{k=1}^{5}4 ⑵ Σ_{k=1}^{5}2ᵏ ⑶ Σ_{k=1}^{20}(3k−1) ⑷ Σ_{k=1}^{50}(2k−1),,P4_FORWARD_NEW_BUILD,4,YES,⑴ Σ_{k=1}^{5}4 ⑵ Σ_{k=1}^{5}2ᵏ ⑶ Σ_{k=1}^{20}(3k−1) ⑷ Σ_{k=1}^{50}(2k−1),1.2
D_f2403d813792_P4FA00971_B_Q002,P4F_f2403d813792_A00971_B,1MJ7H-ejCGc5YVr8G5bEpwfi1WfYRfXu4,미래엔_대수_수준별문제_3-2-01_합의기호.hwp,HWP,기본-2,미래엔 대수 수준별 문제 3-2-01 합의 기호,해당없음,출판사 평가자료(HWP),미래엔,미확보,미확보,해당없음,고2,2022 개정,대수,해당없음,Ⅲ. 수열,2. 수열의 합,합의 기호,SEQ.SIGMA.EXPAND,Σ 펼쳐 쓰기,합의 기호,단일개념,하,계산낮음·조건낮음·추론낮음,미표기,서답형(단답),⑴ 2+4+6+8+10 ⑵ 2+4+8+16+32 ⑶ 6+10+14+18+22,식,없음,낮음,낮음,낮음,,SEQ.SIGMA.EXPAND,1행,내부참고,가능,재검산,1MJ7H-ejCGc5YVr8G5bEpwfi1WfYRfXu4,HWP 말미,HWP 말미 정답 및 해설,,HWP5 텍스트+수식,수식 텍스트,검산완료(원답=독립풀이),k 대입,,0,,높음,"B114; ⑶ 해설은 4×(1+…+5)+(2+…+2) 형태로 제시; 각 항 6,10,14,18,22와 동치",A00971,f2403d8137928f92878ed1f5a0720cf69ad15ce7c7696ec769927e26ed4a709b,,미확보,,2026-10-04,완료,1MJ7H-ejCGc5YVr8G5bEpwfi1WfYRfXu4,HWP 말미 정답 및 해설,https://drive.google.com/file/d/1MJ7H-ejCGc5YVr8G5bEpwfi1WfYRfXu4/view,"Σ2k, Σ2ⁱ, Σ(4k+2) (1~5)",2,,⑴ 2+4+6+8+10 ⑵ 2+4+8+16+32 ⑶ 6+10+14+18+22,,P4_FORWARD_NEW_BUILD,3,YES,⑴ 2+4+6+8+10 ⑵ 2+4+8+16+32 ⑶ 6+10+14+18+22,1.2
D_f2403d813792_P4FA00971_B_Q003,P4F_f2403d813792_A00971_B,1MJ7H-ejCGc5YVr8G5bEpwfi1WfYRfXu4,미래엔_대수_수준별문제_3-2-01_합의기호.hwp,HWP,기본-3,미래엔 대수 수준별 문제 3-2-01 합의 기호,해당없음,출판사 평가자료(HWP),미래엔,미확보,미확보,해당없음,고2,2022 개정,대수,해당없음,Ⅲ. 수열,2. 수열의 합,합의 기호,SEQ.SIGMA.LINEARITY,Σ 성질 계산,합의 기호의 성질,단일개념,하,계산낮음·조건낮음·추론낮음,미표기,서답형(단답),⑴ 17 ⑵ 26,값,없음,낮음,낮음,낮음,,SEQ.SIGMA.LINEARITY,1행,내부참고,가능,재검산,1MJ7H-ejCGc5YVr8G5bEpwfi1WfYRfXu4,HWP 말미,HWP 말미 정답 및 해설,,HWP5 텍스트+수식,수식 텍스트,검산완료(원답=독립풀이),"12+5, −4+10+20",,0,,높음,B114,A00971,f2403d8137928f92878ed1f5a0720cf69ad15ce7c7696ec769927e26ed4a709b,,미확보,,2026-10-04,완료,1MJ7H-ejCGc5YVr8G5bEpwfi1WfYRfXu4,HWP 말미 정답 및 해설,https://drive.google.com/file/d/1MJ7H-ejCGc5YVr8G5bEpwfi1WfYRfXu4/view,"Σaₖ=4, Σbₖ=5 (1~20), Σ(3aₖ+bₖ), Σ(−aₖ+2bₖ+1)",3,,⑴ 17 ⑵ 26,,P4_FORWARD_NEW_BUILD,2,YES,⑴ 17 ⑵ 26,1.2
D_f2403d813792_P4FA00971_B_Q004,P4F_f2403d813792_A00971_B,1MJ7H-ejCGc5YVr8G5bEpwfi1WfYRfXu4,미래엔_대수_수준별문제_3-2-01_합의기호.hwp,HWP,기본-4,미래엔 대수 수준별 문제 3-2-01 합의 기호,해당없음,출판사 평가자료(HWP),미래엔,미확보,미확보,해당없음,고2,2022 개정,대수,해당없음,Ⅲ. 수열,2. 수열의 합,합의 기호,SEQ.SIGMA.ODD_EVEN_SPLIT,홀수항·짝수항 분리,합의 기호,단일개념,하,계산낮음·조건보통·추론낮음,미표기,서답형(단답),11,값,없음,낮음,보통,낮음,,SEQ.SIGMA.ODD_EVEN_SPLIT,1행,내부참고,가능,재검산,1MJ7H-ejCGc5YVr8G5bEpwfi1WfYRfXu4,HWP 말미,HWP 말미 정답 및 해설,,HWP5 텍스트+수식,수식 텍스트,검산완료(원답=독립풀이),20−9,,0,,높음,B114,A00971,f2403d8137928f92878ed1f5a0720cf69ad15ce7c7696ec769927e26ed4a709b,,미확보,,2026-10-04,완료,1MJ7H-ejCGc5YVr8G5bEpwfi1WfYRfXu4,HWP 말미 정답 및 해설,https://drive.google.com/file/d/1MJ7H-ejCGc5YVr8G5bEpwfi1WfYRfXu4/view,"Σ_{1}^{10}aₖ=20, Σ_{1}^{5}a₂ₖ=9일 때 Σa₂ₖ₋₁",4,,11,,P4_FORWARD_NEW_BUILD,1,YES,11,1.2
D_f2403d813792_P4FA00971_S_Q001,P4F_f2403d813792_A00971_S,1MJ7H-ejCGc5YVr8G5bEpwfi1WfYRfXu4,미래엔_대수_수준별문제_3-2-01_합의기호.hwp,HWP,표준-1,미래엔 대수 수준별 문제 3-2-01 합의 기호,해당없음,출판사 평가자료(HWP),미래엔,미확보,미확보,해당없음,고2,2022 개정,대수,해당없음,Ⅲ. 수열,2. 수열의 합,합의 기호,SEQ.SIGMA.SQUARE_EXPAND,제곱 전개 Σ,합의 기호의 성질,단일개념,하,계산낮음·조건보통·추론낮음,미표기,서답형(단답),10,값,없음,낮음,보통,낮음,,SEQ.SIGMA.SQUARE_EXPAND,1행,내부참고,가능,재검산,1MJ7H-ejCGc5YVr8G5bEpwfi1WfYRfXu4,HWP 말미,HWP 말미 정답 및 해설,,HWP5 텍스트+수식,수식 텍스트,검산완료(원답=독립풀이),40=20+2Σaₖbₖ,,0,,높음,B114,A00971,f2403d8137928f92878ed1f5a0720cf69ad15ce7c7696ec769927e26ed4a709b,,미확보,,2026-10-04,완료,1MJ7H-ejCGc5YVr8G5bEpwfi1WfYRfXu4,HWP 말미 정답 및 해설,https://drive.google.com/file/d/1MJ7H-ejCGc5YVr8G5bEpwfi1WfYRfXu4/view,"Σ(aₖ+bₖ)²=40, Σ(aₖ²+bₖ²)=20일 때 Σaₖbₖ",1,,10,,P4_FORWARD_NEW_BUILD,1,YES,10,1.2
D_f2403d813792_P4FA00971_S_Q002,P4F_f2403d813792_A00971_S,1MJ7H-ejCGc5YVr8G5bEpwfi1WfYRfXu4,미래엔_대수_수준별문제_3-2-01_합의기호.hwp,HWP,표준-2,미래엔 대수 수준별 문제 3-2-01 합의 기호,해당없음,출판사 평가자료(HWP),미래엔,미확보,미확보,해당없음,고2,2022 개정,대수,해당없음,Ⅲ. 수열,2. 수열의 합,합의 기호,SEQ.SIGMA.DOUBLE,이중 Σ,합의 기호;자연수 거듭제곱 합,단일개념,중,계산낮음·조건보통·추론보통,미표기,서답형(단답),180,값,없음,낮음,보통,보통,,SEQ.SIGMA.DOUBLE,1행,내부참고,가능,재검산,1MJ7H-ejCGc5YVr8G5bEpwfi1WfYRfXu4,HWP 말미,HWP 말미 정답 및 해설,,HWP5 텍스트+수식,수식 텍스트,검산완료(원답=독립풀이),6Σi²=6·30,,0,,높음,B114,A00971,f2403d8137928f92878ed1f5a0720cf69ad15ce7c7696ec769927e26ed4a709b,,미확보,,2026-10-04,완료,1MJ7H-ejCGc5YVr8G5bEpwfi1WfYRfXu4,HWP 말미 정답 및 해설,https://drive.google.com/file/d/1MJ7H-ejCGc5YVr8G5bEpwfi1WfYRfXu4/view,Σ_{i=1}^{4}(Σ_{k=1}^{3} i²k),2,,180,,P4_FORWARD_NEW_BUILD,1,YES,180,1.2
D_f2403d813792_P4FA00971_S_Q003,P4F_f2403d813792_A00971_S,1MJ7H-ejCGc5YVr8G5bEpwfi1WfYRfXu4,미래엔_대수_수준별문제_3-2-01_합의기호.hwp,HWP,표준-3,미래엔 대수 수준별 문제 3-2-01 합의 기호,해당없음,출판사 평가자료(HWP),미래엔,미확보,미확보,해당없음,고2,2022 개정,대수,해당없음,Ⅲ. 수열,2. 수열의 합,합의 기호,SEQ.SIGMA.INDEX_SHIFT,시작 번호 다른 Σ 차,합의 기호,단일개념,하,계산보통·조건보통·추론낮음,미표기,서답형(단답),11,값,없음,보통,보통,낮음,,SEQ.SIGMA.INDEX_SHIFT,1행,내부참고,가능,재검산,1MJ7H-ejCGc5YVr8G5bEpwfi1WfYRfXu4,HWP 말미,HWP 말미 정답 및 해설,,HWP5 텍스트+수식,수식 텍스트,검산완료(원답=독립풀이),"k=1,2 항만 남음: 2+9",,0,,높음,B114,A00971,f2403d8137928f92878ed1f5a0720cf69ad15ce7c7696ec769927e26ed4a709b,,미확보,,2026-10-04,완료,1MJ7H-ejCGc5YVr8G5bEpwfi1WfYRfXu4,HWP 말미 정답 및 해설,https://drive.google.com/file/d/1MJ7H-ejCGc5YVr8G5bEpwfi1WfYRfXu4/view,Σ_{k=1}^{50}(k³+1)−Σ_{l=3}^{50}(l³+1),3,,11,,P4_FORWARD_NEW_BUILD,1,YES,11,1.2
D_f2403d813792_P4FA00971_S_Q004,P4F_f2403d813792_A00971_S,1MJ7H-ejCGc5YVr8G5bEpwfi1WfYRfXu4,미래엔_대수_수준별문제_3-2-01_합의기호.hwp,HWP,표준-4,미래엔 대수 수준별 문제 3-2-01 합의 기호,해당없음,출판사 평가자료(HWP),미래엔,미확보,미확보,해당없음,고2,2022 개정,대수,해당없음,Ⅲ. 수열,2. 수열의 합,합의 기호,SEQ.SIGMA.SN_TO_AN,합으로 일반항,수열의 합과 일반항,단일개념,중,계산보통·조건보통·추론보통,미표기,객관식(5지선다),② 1/2,선택지,없음,보통,보통,보통,,SEQ.SIGMA.SN_TO_AN,1행,내부참고,가능,재검산,1MJ7H-ejCGc5YVr8G5bEpwfi1WfYRfXu4,HWP 말미,HWP 말미 정답 및 해설,,HWP5 텍스트+수식,수식 텍스트,검산완료(원답=독립풀이),aₙ=2^(n−1) (n≥2),,0,,높음,B114,A00971,f2403d8137928f92878ed1f5a0720cf69ad15ce7c7696ec769927e26ed4a709b,,미확보,,2026-10-04,완료,1MJ7H-ejCGc5YVr8G5bEpwfi1WfYRfXu4,HWP 말미 정답 및 해설,https://drive.google.com/file/d/1MJ7H-ejCGc5YVr8G5bEpwfi1WfYRfXu4/view,Σ_{k=1}^{n}aₖ=2ⁿ+3일 때 a₈/a₉,4,,② 1/2,,P4_FORWARD_NEW_BUILD,1,YES,② 1/2,1.2
D_f2403d813792_P4FA00971_A_Q001,P4F_f2403d813792_A00971_A,1MJ7H-ejCGc5YVr8G5bEpwfi1WfYRfXu4,미래엔_대수_수준별문제_3-2-01_합의기호.hwp,HWP,발전-1,미래엔 대수 수준별 문제 3-2-01 합의 기호,해당없음,출판사 평가자료(HWP),미래엔,미확보,미확보,해당없음,고2,2022 개정,대수,해당없음,Ⅲ. 수열,2. 수열의 합,합의 기호,SEQ.SIGMA.TELESCOPE_RECOVER,망원합으로 일반항 복원,합의 기호;망원합,단일개념,중,계산보통·조건높음·추론보통,미표기,서답형(단답),15,값,없음,보통,높음,보통,,SEQ.SIGMA.TELESCOPE_RECOVER,1행,내부참고,가능,재검산,1MJ7H-ejCGc5YVr8G5bEpwfi1WfYRfXu4,HWP 말미,HWP 말미 정답 및 해설,,HWP5 텍스트+수식,수식 텍스트,검산완료(원답=독립풀이),1−1/aₙ₊₁=2n/(2n+1) → aₙ=2n−1,,0,,높음,B114,A00971,f2403d8137928f92878ed1f5a0720cf69ad15ce7c7696ec769927e26ed4a709b,,미확보,,2026-10-04,완료,1MJ7H-ejCGc5YVr8G5bEpwfi1WfYRfXu4,HWP 말미 정답 및 해설,https://drive.google.com/file/d/1MJ7H-ejCGc5YVr8G5bEpwfi1WfYRfXu4/view,"a₁=1, Σ(1/aₖ−1/aₖ₊₁)=2n/(2n+1), a₈",1,,15,,P4_FORWARD_NEW_BUILD,1,YES,15,1.2
D_f2403d813792_P4FA00971_A_Q002,P4F_f2403d813792_A00971_A,1MJ7H-ejCGc5YVr8G5bEpwfi1WfYRfXu4,미래엔_대수_수준별문제_3-2-01_합의기호.hwp,HWP,발전-2,미래엔 대수 수준별 문제 3-2-01 합의 기호,해당없음,출판사 평가자료(HWP),미래엔,미확보,미확보,해당없음,고2,2022 개정,대수,해당없음,Ⅲ. 수열,2. 수열의 합,합의 기호,SEQ.SIGMA.OVERLAP_TRIANGLES,겹치는 정삼각형 넓이 합,합의 기호;정삼각형 넓이,단일개념,중,계산보통·조건높음·추론보통,미표기,객관식(5지선다),⑤ 5√3/4,선택지,있음(정삼각형 겹침 그림),보통,높음,보통,,SEQ.SIGMA.OVERLAP_TRIANGLES,1행,내부참고,가능,재검산,1MJ7H-ejCGc5YVr8G5bEpwfi1WfYRfXu4,HWP 말미,HWP 말미 정답 및 해설,,HWP5 텍스트+수식,그림은 HWP 도형 개체(벡터); 문제 텍스트에 조건 완비,검산완료(원답=독립풀이),"겹침 한 변 n−1, Sₙ=√3/4(n−1)², S₁+S₂+S₃=√3/4(0+1+4)",,0,,높음,B114; 문제는 'n≥2'로 정의하나 Σ는 k=1부터; S₁=0으로 해석 시 정답 동일. 해설 Σ 상한 10 표기 오타,A00971,f2403d8137928f92878ed1f5a0720cf69ad15ce7c7696ec769927e26ed4a709b,,미확보,,2026-10-04,완료,1MJ7H-ejCGc5YVr8G5bEpwfi1WfYRfXu4,HWP 말미 정답 및 해설,https://drive.google.com/file/d/1MJ7H-ejCGc5YVr8G5bEpwfi1WfYRfXu4/view,"Aₙ(n,0), Bₙ(2n,0) 정삼각형 겹침 넓이 Sₙ, Σ_{k=1}^{3}Sₖ",2,,⑤ 5√3/4,,P4_FORWARD_NEW_BUILD,1,YES,⑤ 5√3/4,1.2
